v = [1 2 3 4]
% v = [1, 2, 3, 4]
u = [1; 2; 3; 4]
% u = [1 2
%     3 4]

x1 = 1:10
x2 = 1:1:10

y1 = 1:0.5:10
y2 = 1:1.5:10
y3 = 3:2.5:10